672
0.000000
0.000000
0
0
0
0
0
1
0.500000
0.000000
1
0
0
0
0
1
0.487464
0.222521
1
0
0
0
0
1
0.000000
0.000000
0
0
0
0
0
1
0.487464
0.222521
1
0
0
0
0
1
0.450484
0.433884
1
0
0
0
0
1
0.000000
0.000000
0
0
0
0
0
1
0.450484
0.433884
1
0
0
0
0
1
0.390916
0.623490
1
0
0
0
0
1
0.000000
0.000000
0
0
0
0
0
1
0.390916
0.623490
1
0
0
0
0
1
0.311745
0.781832
1
0
0
0
0
1
0.000000
0.000000
0
0
0
0
0
1
0.311745
0.781832
1
0
0
0
0
1
0.216942
0.900969
1
0
0
0
0
1
0.000000
0.000000
0
0
0
0
0
1
0.216942
0.900969
1
0
0
0
0
1
0.111260
0.974928
1
0
0
0
0
1
0.000000
0.000000
0
0
0
0
0
1
0.111260
0.974928
1
0
0
0
0
1
-0.000000
1.000000
1
0
0
0
0
1
0.000000
0.000000
0
0
0
0
0
1
-0.000000
1.000000
1
0
0
0
0
1
-0.111261
0.974928
1
0
0
0
0
1
0.000000
0.000000
0
0
0
0
0
1
-0.111261
0.974928
1
0
0
0
0
1
-0.216942
0.900969
1
0
0
0
0
1
0.000000
0.000000
0
0
0
0
0
1
-0.216942
0.900969
1
0
0
0
0
1
-0.311745
0.781832
1
0
0
0
0
1
0.000000
0.000000
0
0
0
0
0
1
-0.311745
0.781832
1
0
0
0
0
1
-0.390916
0.623490
1
0
0
0
0
1
0.000000
0.000000
0
0
0
0
0
1
-0.390916
0.623490
1
0
0
0
0
1
-0.450484
0.433884
1
0
0
0
0
1
0.000000
0.000000
0
0
0
0
0
1
-0.450484
0.433884
1
0
0
0
0
1
-0.487464
0.222521
1
0
0
0
0
1
0.000000
0.000000
0
0
0
0
0
1
-0.487464
0.222521
1
0
0
0
0
1
-0.500000
-0.000000
1
0
0
0
0
1
0.000000
0.000000
0
0
0
0
0
1
-0.500000
-0.000000
1
0
0
0
0
1
-0.487464
-0.222521
1
0
0
0
0
1
0.000000
0.000000
0
0
0
0
0
1
-0.487464
-0.222521
1
0
0
0
0
1
-0.450484
-0.433884
1
0
0
0
0
1
0.000000
0.000000
0
0
0
0
0
1
-0.450484
-0.433884
1
0
0
0
0
1
-0.390916
-0.623490
1
0
0
0
0
1
0.000000
0.000000
0
0
0
0
0
1
-0.390916
-0.623490
1
0
0
0
0
1
-0.311745
-0.781831
1
0
0
0
0
1
0.000000
0.000000
0
0
0
0
0
1
-0.311745
-0.781831
1
0
0
0
0
1
-0.216942
-0.900969
1
0
0
0
0
1
0.000000
0.000000
0
0
0
0
0
1
-0.216942
-0.900969
1
0
0
0
0
1
-0.111261
-0.974928
1
0
0
0
0
1
0.000000
0.000000
0
0
0
0
0
1
-0.111261
-0.974928
1
0
0
0
0
1
0.000000
-1.000000
1
0
0
0
0
1
0.000000
0.000000
0
0
0
0
0
1
0.000000
-1.000000
1
0
0
0
0
1
0.111261
-0.974928
1
0
0
0
0
1
0.000000
0.000000
0
0
0
0
0
1
0.111261
-0.974928
1
0
0
0
0
1
0.216942
-0.900969
1
0
0
0
0
1
0.000000
0.000000
0
0
0
0
0
1
0.216942
-0.900969
1
0
0
0
0
1
0.311745
-0.781831
1
0
0
0
0
1
0.000000
0.000000
0
0
0
0
0
1
0.311745
-0.781831
1
0
0
0
0
1
0.390916
-0.623490
1
0
0
0
0
1
0.000000
0.000000
0
0
0
0
0
1
0.390916
-0.623490
1
0
0
0
0
1
0.450484
-0.433884
1
0
0
0
0
1
0.000000
0.000000
0
0
0
0
0
1
0.450484
-0.433884
1
0
0
0
0
1
0.487464
-0.222521
1
0
0
0
0
1
0.000000
0.000000
0
0
0
0
0
1
0.487464
-0.222521
1
0
0
0
0
1
0.500000
0.000000
1
0
0
0
0
1
